3055.0150318364012
78.09297405853333
1887.1200064578845
2945.7349668444913
3055.0150318364012
78.09297405853333
1887.1200064578845
2945.7349668444913
3055.0150318364012
78.09297405853333
1887.1200064578845
2945.7349668444913
3055.0150318364012
78.09297405853333
1887.1200064578845
2945.7349668444913
3055.0150318364012
78.09297405853333
1887.1200064578845
2945.7349668444913
3055.0150318364012
78.09297405853333
1887.1200064578845
2945.7349668444913
3055.0150318364012
78.09297405853333
1887.1200064578845
2945.7349668444913
3055.0150318364012
78.09297405853333
1887.1200064578845
2945.7349668444913
3055.0150318364012
78.09297405853333
1887.1200064578845
2945.7349668444913
3055.0150318364012
78.09297405853333
1887.1200064578845
2945.7349668444913
3055.0150318364012
78.09297405853333
1887.1200064578845
2945.7349668444913
3055.0150318364012
78.09297405853333
1887.1200064578845
2945.7349668444913
3055.0150318364012
78.09297405853333
1887.1200064578845
2945.7349668444913
3055.0150318364012
78.09297405853333
1887.1200064578845
2945.7349668444913
3055.0150318364012
78.09297405853333
1887.1200064578845
2945.7349668444913
3055.0150318364012
78.09297405853333
1887.1200064578845
2945.7349668444913
3055.0150318364012
78.09297405853333
1887.1200064578845
2945.7349668444913
3055.0150318364012
78.09297405853333
1887.1200064578845
2945.7349668444913
3055.0150318364012
78.09297405853333
1887.1200064578845
2945.7349668444913
