687.8277851171887
3058.0646109409017
188.23110587603526
1235.7024898460113
1326.499186226603
722.567928238316
1346.4008403400383
3112.0841370292537
449.52435169117206
1100.148629807829
670.8693370800866
724.6057948651595
409.88831370743355
1163.6665235287808
3716.13076245702
3374.646294660434
3056.9897798184634
2478.444994610477
3613.4973968967297
3349.879987270893
687.8277851171887
3058.0646109409017
188.23110587603526
1235.7024898460113
1326.499186226603
722.567928238316
1346.4008403400383
3112.0841370292537
449.52435169117206
1100.148629807829
670.8693370800866
724.6057948651595
409.88831370743355
1163.6665235287808
3716.13076245702
3374.646294660434
3056.9897798184634
2478.444994610477
3613.4973968967297
3349.879987270893
687.8277851171887
3058.0646109409017
188.23110587603526
1235.7024898460113
1326.499186226603
722.567928238316
1346.4008403400383
3112.0841370292537
449.52435169117206
1100.148629807829
670.8693370800866
724.6057948651595
409.88831370743355
1163.6665235287808
3716.13076245702
3374.646294660434
3056.9897798184634
2478.444994610477
3613.4973968967297
3349.879987270893
687.8277851171887
3058.0646109409017
188.23110587603526
1235.7024898460113
1326.499186226603
722.567928238316
1346.4008403400383
3112.0841370292537
449.52435169117206
1100.148629807829
670.8693370800866
724.6057948651595
409.88831370743355
1163.6665235287808
3716.13076245702
3374.646294660434
3056.9897798184634
2478.444994610477
3613.4973968967297
3349.879987270893
687.8277851171887
3058.0646109409017
188.23110587603526
1235.7024898460113
1326.499186226603
722.567928238316
1346.4008403400383
3112.0841370292537
449.52435169117206
1100.148629807829
670.8693370800866
724.6057948651595
409.88831370743355
1163.6665235287808
3716.13076245702
3374.646294660434
3056.9897798184634
2478.444994610477
3613.4973968967297
3349.879987270893
687.8277851171887
3058.0646109409017
188.23110587603526
1235.7024898460113
1326.499186226603
722.567928238316
1346.4008403400383
3112.0841370292537
449.52435169117206
1100.148629807829
670.8693370800866
724.6057948651595
409.88831370743355
1163.6665235287808
3716.13076245702
3374.646294660434
3056.9897798184634
2478.444994610477
3613.4973968967297
3349.879987270893
687.8277851171887
3058.0646109409017
188.23110587603526
1235.7024898460113
1326.499186226603
722.567928238316
1346.4008403400383
3112.0841370292537
449.52435169117206
1100.148629807829
670.8693370800866
724.6057948651595
409.88831370743355
1163.6665235287808
3716.13076245702
3374.646294660434
3056.9897798184634
2478.444994610477
3613.4973968967297
3349.879987270893
687.8277851171887
3058.0646109409017
188.23110587603526
1235.7024898460113
1326.499186226603
722.567928238316
1346.4008403400383
3112.0841370292537
449.52435169117206
1100.148629807829
670.8693370800866
724.6057948651595
409.88831370743355
1163.6665235287808
3716.13076245702
3374.646294660434
3056.9897798184634
2478.444994610477
3613.4973968967297
3349.879987270893
687.8277851171887
3058.0646109409017
188.23110587603526
1235.7024898460113
1326.499186226603
722.567928238316
1346.4008403400383
3112.0841370292537
449.52435169117206
1100.148629807829
670.8693370800866
724.6057948651595
409.88831370743355
1163.6665235287808
3716.13076245702
3374.646294660434
3056.9897798184634
2478.444994610477
3613.4973968967297
3349.879987270893
687.8277851171887
3058.0646109409017
188.23110587603526
1235.7024898460113
1326.499186226603
722.567928238316
1346.4008403400383
3112.0841370292537
449.52435169117206
1100.148629807829
670.8693370800866
724.6057948651595
409.88831370743355
1163.6665235287808
3716.13076245702
3374.646294660434
3056.9897798184634
2478.444994610477
3613.4973968967297
3349.879987270893
687.8277851171887
3058.0646109409017
188.23110587603526
1235.7024898460113
1326.499186226603
722.567928238316
1346.4008403400383
3112.0841370292537
449.52435169117206
1100.148629807829
670.8693370800866
724.6057948651595
409.88831370743355
1163.6665235287808
3716.13076245702
3374.646294660434
3056.9897798184634
2478.444994610477
3613.4973968967297
3349.879987270893
687.8277851171887
3058.0646109409017
188.23110587603526
1235.7024898460113
1326.499186226603
722.567928238316
1346.4008403400383
3112.0841370292537
449.52435169117206
1100.148629807829
670.8693370800866
724.6057948651595
409.88831370743355
1163.6665235287808
3716.13076245702
3374.646294660434
3056.9897798184634
2478.444994610477
3613.4973968967297
3349.879987270893
687.8277851171887
3058.0646109409017
188.23110587603526
1235.7024898460113
1326.499186226603
722.567928238316
1346.4008403400383
3112.0841370292537
449.52435169117206
1100.148629807829
670.8693370800866
724.6057948651595
409.88831370743355
1163.6665235287808
3716.13076245702
3374.646294660434
3056.9897798184634
2478.444994610477
3613.4973968967297
3349.879987270893
687.8277851171887
3058.0646109409017
188.23110587603526
1235.7024898460113
1326.499186226603
722.567928238316
1346.4008403400383
3112.0841370292537
449.52435169117206
1100.148629807829
670.8693370800866
724.6057948651595
409.88831370743355
1163.6665235287808
3716.13076245702
3374.646294660434
3056.9897798184634
2478.444994610477
3613.4973968967297
3349.879987270893
687.8277851171887
3058.0646109409017
188.23110587603526
1235.7024898460113
1326.499186226603
722.567928238316
1346.4008403400383
3112.0841370292537
449.52435169117206
1100.148629807829
670.8693370800866
724.6057948651595
409.88831370743355
1163.6665235287808
3716.13076245702
3374.646294660434
3056.9897798184634
2478.444994610477
3613.4973968967297
3349.879987270893
687.8277851171887
3058.0646109409017
188.23110587603526
1235.7024898460113
1326.499186226603
722.567928238316
1346.4008403400383
3112.0841370292537
449.52435169117206
1100.148629807829
670.8693370800866
724.6057948651595
409.88831370743355
1163.6665235287808
3716.13076245702
3374.646294660434
3056.9897798184634
2478.444994610477
3613.4973968967297
3349.879987270893
687.8277851171887
3058.0646109409017
188.23110587603526
1235.7024898460113
1326.499186226603
722.567928238316
1346.4008403400383
3112.0841370292537
449.52435169117206
1100.148629807829
670.8693370800866
724.6057948651595
409.88831370743355
1163.6665235287808
3716.13076245702
3374.646294660434
3056.9897798184634
2478.444994610477
3613.4973968967297
3349.879987270893
687.8277851171887
3058.0646109409017
188.23110587603526
1235.7024898460113
1326.499186226603
722.567928238316
1346.4008403400383
3112.0841370292537
449.52435169117206
1100.148629807829
670.8693370800866
724.6057948651595
409.88831370743355
1163.6665235287808
3716.13076245702
3374.646294660434
3056.9897798184634
2478.444994610477
3613.4973968967297
3349.879987270893
