1079.497979613994
2147.823208993985
1757.2475503570513
3363.2027419236847
3946.9094470756754
2638.0637677883224
1079.497979613994
2147.823208993985
1757.2475503570513
3363.2027419236847
3946.9094470756754
2638.0637677883224
1079.497979613994
2147.823208993985
1757.2475503570513
3363.2027419236847
3946.9094470756754
2638.0637677883224
1079.497979613994
2147.823208993985
1757.2475503570513
3363.2027419236847
3946.9094470756754
2638.0637677883224
1079.497979613994
2147.823208993985
1757.2475503570513
3363.2027419236847
3946.9094470756754
2638.0637677883224
1079.497979613994
2147.823208993985
1757.2475503570513
3363.2027419236847
3946.9094470756754
2638.0637677883224
