345.2489568881387
8967.54126855681
345.2489568881387
8967.54126855681
8810.827341028707
4657.567323089217
8810.827341028707
4657.567323089217
8810.827341028707
4657.567323089217
6548.320337920888
7455.802353839958
6548.320337920888
7455.802353839958
564.8298052758485
6073.38886295215
7815.792029370774
7091.391695188281
7815.792029370774
7091.391695188281
7815.792029370774
7091.391695188281
8509.174920528705
6520.775723769654
8509.174920528705
6520.775723769654
8509.174920528705
6520.775723769654
665.999782425786
5565.428673429594
665.999782425786
5565.428673429594
665.999782425786
5565.428673429594
6248.793083658342
8559.672629182232
6248.793083658342
8559.672629182232
6248.793083658342
8559.672629182232
1111.1897821469759
4731.186021564878
1111.1897821469759
4731.186021564878
1111.1897821469759
4731.186021564878
7847.214892078627
7744.033623457968
7847.214892078627
7744.033623457968
7847.214892078627
7744.033623457968
6140.244823934006
781.7424239455996
6140.244823934006
781.7424239455996
6140.244823934006
781.7424239455996
478.47747341823833
4220.260460711564
478.47747341823833
4220.260460711564
478.47747341823833
4220.260460711564
78.52017143168067
4450.385567448211
78.52017143168067
4450.385567448211
78.52017143168067
4450.385567448211
8971.444802031858
1066.242290168019
8971.444802031858
1066.242290168019
8971.444802031858
1066.242290168019
4624.543023876938
716.0476535650733
4624.543023876938
716.0476535650733
4624.543023876938
716.0476535650733
4094.402840902526
1038.4042680685968
7963.024810945912
8872.310568945597
7963.024810945912
8872.310568945597
7963.024810945912
8872.310568945597
5264.06453899317
373.965987140793
5264.06453899317
373.965987140793
5264.06453899317
373.965987140793
173.57763230181956
4040.273001209097
173.57763230181956
4040.273001209097
173.57763230181956
4040.273001209097
6459.466510333556
34.63573471861703
6459.466510333556
34.63573471861703
6459.466510333556
34.63573471861703
8703.433472085097
496.8594934302375
8703.433472085097
496.8594934302375
8703.433472085097
496.8594934302375
26.211578493108068
4036.187639363305
26.211578493108068
4036.187639363305
26.211578493108068
4036.187639363305
3603.393838674234
389.4714952401882
3603.393838674234
389.4714952401882
3603.393838674234
389.4714952401882
3371.561325312502
254.16056357085537
3371.561325312502
254.16056357085537
3371.561325312502
254.16056357085537
2241.149740694632
600.1817725523969
2241.149740694632
600.1817725523969
2241.149740694632
600.1817725523969
