7308.928675445036
8094.110333322171
628.7044555761671
8614.516209195093
1762.8744908729348
8481.983091681726
486.142789751704
7297.030271166839
1434.741482821862
8678.970725452396
8529.53597948068
7388.831638457461
775.2087635795946
1914.6706431176945
6314.750540009172
2176.8301378465494
2584.8559777651444
1355.2302708505974
8676.95509048831
3459.1123266193526
3791.992273210211
4953.4415974109515
6669.241121701706
4905.379418614165
458.1114209525342
926.8000185997482
4027.897821849465
1950.9453350952379
3717.6722509994934
7207.187285557057
3014.1018892644365
839.922414589835
1309.091582513678
2476.3435806699945
2385.1069703335593
6781.86345064116
2460.2884889947027
3078.0540647249395
1807.5845366008773
8441.002900460884
