# Scenario Logistics_60
# distance at msg send, delivery time, hop count, MSG_ID
911.0168 89.1000 6 Ma29
1132.7697 99.1000 4 Ma4
1329.2568 103.8000 3 Ma17
1410.9470 106.4000 4 Ma21
1734.8395 116.9000 3 Ma8
1668.0912 117.7000 5 Ma20
1730.1341 119.6000 7 Ma14
1752.4670 125.7000 4 Ma59
1992.3069 126.1000 5 Ma6
1911.7936 127.5000 4 Ma9
2080.7041 131.3000 4 Ma35
2130.7297 132.8000 4 Ma42
2177.6510 133.9000 4 Ma31
2243.2805 134.6000 3 Ma50
2288.9952 141.2000 6 Ma18
2394.6027 144.1000 4 Ma1
2323.2689 148.6000 5 Ma49
2839.7200 153.9000 4 Ma55
3160.8965 163.9000 2 Ma57
3137.7240 166.5000 4 Ma30
3428.1387 173.2000 6 Ma58
3287.2195 174.6000 4 Ma23
3657.3413 183.3000 4 Ma3
3751.0382 192.7000 4 Ma46
3902.1321 193.7000 4 Ma26
4062.3519 194.8000 3 Ma5
4093.9072 196.6000 5 Ma54
3879.7159 204.4000 4 Ma16
4190.5869 207.3000 5 Ma36
4177.7818 210.6000 3 Ma45
4556.2528 216.1000 2 Ma33
4763.4366 224.9000 3 Ma22
4423.1321 228.9000 2 Ma44
4950.2315 229.7000 4 Ma12
4914.0552 239.0000 6 Ma37
4946.4707 242.0000 4 Ma11
5040.0585 243.1000 2 Ma51
5165.2692 257.6000 3 Ma19
7251.1940 369.5000 4 Ma7
7362.0959 373.0000 4 Ma48
6319.0872 374.0000 4 Ma13
6039.5461 380.1000 7 Ma53
5693.8979 385.4000 6 Ma43
7833.9076 388.8000 4 Ma25
5677.6026 396.4000 4 Ma27
5787.1142 400.3000 3 Ma32
7088.9378 400.8000 6 Ma60
6900.7487 404.8000 4 Ma41
6998.2423 405.2000 4 Ma38
6577.5242 424.2000 2 Ma28
6197.7726 425.0000 5 Ma24
7089.6123 426.7000 4 Ma56
6770.4401 430.5000 2 Ma40
7598.9828 440.3000 5 Ma15
6659.5469 473.9000 4 Ma52
7609.2845 476.1000 5 Ma34
8015.1140 479.3000 4 Ma10
7770.4780 508.3000 5 Ma47
8125.4576 513.4000 5 Ma39
8230.5797 568.5000 6 Ma2
