0.0 12
1.0 20
2.0 40
3.0 53
4.0 104
5.0 47
6.0 1
7.0 1
8.0 0
9.0 1
10.0 1
11.0 0
12.0 0
13.0 0
14.0 0
15.0 0
16.0 0
17.0 1
18.0 0
19.0 2
20.0 0
21.0 0
22.0 0
23.0 0
24.0 0
25.0 0
26.0 0
27.0 0
28.0 0
29.0 1
30.0 0
31.0 0
32.0 0
33.0 0
34.0 0
35.0 1
36.0 0
37.0 0
38.0 1
39.0 0
40.0 0
41.0 0
42.0 0
43.0 0
44.0 0
45.0 0
46.0 2
47.0 0
48.0 0
49.0 0
50.0 0
51.0 0
52.0 0
53.0 0
54.0 0
55.0 0
56.0 0
57.0 0
58.0 0
59.0 0
60.0 1
61.0 1855
62.0 1117
63.0 489
64.0 360
65.0 314
66.0 171
67.0 104
68.0 95
69.0 78
70.0 64
71.0 46
72.0 49
73.0 52
74.0 39
75.0 25
76.0 34
77.0 21
78.0 22
79.0 15
80.0 20
81.0 15
82.0 21
83.0 19
84.0 15
85.0 6
86.0 11
87.0 12
88.0 7
89.0 4
90.0 7
91.0 6
92.0 6
93.0 2
94.0 4
95.0 6
96.0 6
97.0 4
98.0 3
99.0 3
100.0 9
101.0 5
102.0 3
103.0 4
104.0 1
105.0 1
106.0 1
107.0 4
108.0 2
109.0 4
110.0 2
111.0 1
112.0 2
113.0 1
114.0 1
115.0 2
116.0 0
117.0 0
118.0 0
119.0 0
120.0 3
121.0 0
122.0 2
123.0 0
124.0 3
125.0 1
126.0 1
127.0 0
128.0 0
129.0 2
130.0 0
131.0 0
132.0 0
133.0 0
134.0 1
135.0 1
136.0 0
137.0 0
138.0 1
139.0 0
140.0 0
141.0 0
142.0 0
143.0 1
144.0 1
145.0 0
146.0 0
147.0 0
148.0 1
149.0 0
150.0 2
151.0 0
152.0 0
153.0 0
154.0 0
155.0 0
156.0 0
157.0 0
158.0 0
159.0 0
160.0 0
161.0 0
162.0 0
163.0 0
164.0 0
165.0 0
166.0 0
167.0 0
168.0 0
169.0 0
170.0 0
171.0 1
172.0 0
173.0 0
174.0 0
175.0 0
176.0 0
177.0 1
178.0 0
179.0 1
180.0 0
181.0 0
182.0 0
183.0 0
184.0 0
185.0 0
186.0 0
187.0 0
188.0 0
189.0 0
190.0 0
191.0 0
192.0 0
193.0 0
194.0 0
195.0 0
196.0 0
197.0 1
198.0 0
199.0 0
200.0 0
201.0 0
202.0 0
203.0 0
204.0 0
205.0 0
206.0 1
207.0 0
