0.0 10
1.0 27
2.0 91
3.0 76
4.0 193
5.0 67
6.0 2
7.0 1
8.0 0
9.0 1
10.0 2
11.0 0
12.0 2
13.0 0
14.0 0
15.0 2
16.0 2
17.0 0
18.0 0
19.0 1
20.0 0
21.0 0
22.0 0
23.0 0
24.0 0
25.0 0
26.0 0
27.0 0
28.0 0
29.0 1
30.0 0
31.0 0
32.0 0
33.0 1
34.0 0
35.0 1
36.0 0
37.0 1
38.0 0
39.0 1
40.0 0
41.0 0
42.0 0
43.0 0
44.0 0
45.0 0
46.0 0
47.0 0
48.0 0
49.0 0
50.0 0
51.0 1
52.0 0
53.0 0
54.0 0
55.0 0
56.0 0
57.0 0
58.0 0
59.0 2
60.0 2
61.0 2090
62.0 1046
63.0 461
64.0 364
65.0 328
66.0 148
67.0 99
68.0 86
69.0 62
70.0 67
71.0 40
72.0 47
73.0 43
74.0 29
75.0 31
76.0 24
77.0 19
78.0 24
79.0 16
80.0 10
81.0 18
82.0 19
83.0 13
84.0 10
85.0 9
86.0 9
87.0 11
88.0 7
89.0 7
90.0 4
91.0 5
92.0 7
93.0 6
94.0 3
95.0 5
96.0 2
97.0 4
98.0 5
99.0 4
100.0 1
101.0 1
102.0 4
103.0 3
104.0 6
105.0 1
106.0 2
107.0 1
108.0 3
109.0 2
110.0 2
111.0 2
112.0 0
113.0 0
114.0 0
115.0 2
116.0 1
117.0 0
118.0 1
119.0 0
120.0 0
121.0 1
122.0 1
123.0 1
124.0 1
125.0 0
126.0 4
127.0 0
128.0 0
129.0 0
130.0 0
131.0 1
132.0 0
133.0 0
134.0 0
135.0 0
136.0 0
137.0 0
138.0 1
139.0 0
140.0 0
141.0 2
142.0 1
143.0 0
144.0 0
145.0 0
146.0 1
147.0 1
148.0 1
149.0 0
150.0 1
151.0 0
152.0 1
153.0 0
154.0 1
155.0 0
156.0 0
157.0 0
158.0 0
159.0 0
160.0 1
161.0 0
162.0 0
163.0 0
164.0 1
165.0 0
166.0 0
167.0 0
168.0 0
169.0 0
170.0 0
171.0 0
172.0 0
173.0 0
174.0 1
175.0 0
176.0 0
177.0 0
178.0 0
179.0 0
180.0 0
181.0 0
182.0 0
183.0 0
184.0 0
185.0 0
186.0 0
187.0 0
188.0 0
189.0 0
190.0 0
191.0 0
192.0 0
193.0 0
194.0 0
195.0 0
196.0 0
197.0 0
198.0 0
199.0 0
200.0 1
201.0 0
202.0 0
203.0 0
204.0 0
205.0 0
206.0 0
207.0 0
208.0 0
209.0 1
210.0 0
211.0 0
212.0 0
213.0 0
214.0 0
215.0 0
216.0 0
217.0 0
218.0 0
219.0 0
220.0 0
221.0 0
222.0 0
223.0 1
224.0 0
