# Scenario Logistics_100
# distance at msg send, delivery time, hop count, MSG_ID
628.5604 81.4000 5 Ma97
727.6825 83.1000 5 Ma71
911.0168 89.7000 4 Ma85
1132.7697 98.2000 6 Ma61
1329.2568 104.5000 2 Ma90
1410.9470 108.3000 2 Ma69
1500.3453 115.6000 4 Ma56
1734.8395 116.8000 3 Ma11
1752.4670 118.7000 5 Ma54
1668.0912 121.2000 5 Ma15
1730.1341 125.3000 6 Ma83
1911.7936 126.2000 7 Ma28
1992.3069 128.0000 6 Ma94
2080.7041 128.6000 4 Ma59
2112.5215 134.7000 2 Ma5
2243.2805 135.5000 6 Ma16
2204.6547 136.2000 5 Ma92
2177.6510 137.0000 2 Ma7
2288.9952 138.4000 5 Ma22
2130.7297 139.2000 4 Ma98
2463.9546 142.7000 3 Ma29
2323.2689 142.9000 4 Ma3
2380.8769 148.8000 5 Ma72
2475.9022 151.8000 5 Ma65
2722.8085 151.8000 6 Ma34
2783.7179 151.9000 4 Ma57
2394.6027 152.0000 2 Ma12
2640.4040 159.0000 3 Ma82
3005.9961 161.8000 6 Ma88
3137.7240 165.0000 3 Ma26
2839.7200 167.0000 3 Ma96
3160.8965 169.5000 5 Ma77
3428.1387 175.5000 4 Ma51
3287.2195 177.9000 4 Ma93
3593.9809 186.4000 3 Ma66
3902.1321 197.8000 6 Ma35
4108.1848 198.5000 3 Ma20
3657.3413 200.4000 3 Ma89
3716.8356 203.3000 6 Ma46
3751.0382 205.2000 5 Ma55
4190.5869 206.0000 4 Ma18
4062.3519 206.6000 4 Ma9
3879.7159 207.5000 5 Ma23
4505.7656 213.3000 4 Ma14
4177.7818 216.4000 6 Ma86
4093.9072 218.0000 6 Ma84
4423.1321 227.3000 5 Ma50
4630.6153 227.4000 6 Ma13
4556.2528 237.1000 3 Ma100
4914.0552 306.1000 3 Ma99
4946.4707 308.3000 2 Ma47
4763.4366 318.2000 5 Ma79
5165.2692 319.7000 5 Ma19
4950.2315 328.5000 4 Ma45
6289.9642 334.2000 6 Ma81
5349.7932 336.4000 5 Ma67
6039.5461 338.7000 4 Ma39
5787.1142 339.6000 5 Ma6
5853.0015 339.9000 4 Ma38
5703.6066 340.5000 5 Ma63
5677.6026 353.6000 5 Ma42
6319.0872 356.0000 4 Ma75
6113.2435 357.4000 4 Ma78
6137.5999 358.3000 4 Ma43
5935.4564 362.0000 5 Ma36
5040.0585 370.2000 4 Ma70
6197.7726 371.9000 4 Ma17
7089.6123 372.8000 6 Ma25
6226.9961 374.9000 5 Ma68
6596.3601 381.2000 5 Ma1
5053.1460 382.4000 5 Ma95
6965.6931 388.6000 5 Ma30
6900.7487 395.5000 6 Ma60
7251.1940 396.8000 6 Ma73
7362.0959 400.2000 5 Ma52
5658.1882 401.4000 5 Ma53
6998.2423 402.7000 4 Ma91
5693.8979 407.9000 5 Ma40
7364.6863 410.9000 3 Ma48
7923.1853 417.0000 4 Ma37
7770.4780 420.0000 6 Ma2
6659.5469 425.4000 3 Ma62
6115.8601 431.7000 3 Ma4
7802.5481 438.2000 5 Ma24
7833.9076 440.6000 5 Ma87
5352.5622 447.6000 3 Ma32
7598.9828 451.9000 6 Ma41
8230.5797 453.6000 5 Ma58
6650.8338 459.8000 4 Ma8
8475.9820 460.1000 4 Ma33
8015.1140 471.0000 6 Ma27
6012.2533 471.8000 3 Ma49
7609.2845 477.1000 5 Ma80
6770.4401 492.4000 5 Ma74
6577.5242 516.1000 5 Ma64
6298.3800 518.0000 4 Ma31
6597.2740 532.6000 3 Ma21
7088.9378 547.4000 3 Ma10
8125.4576 558.8000 5 Ma76
9103.1913 571.9000 3 Ma44
