0.0 5
1.0 22
2.0 53
3.0 53
4.0 144
5.0 69
6.0 2
7.0 2
8.0 0
9.0 0
10.0 0
11.0 0
12.0 1
13.0 0
14.0 1
15.0 0
16.0 0
17.0 0
18.0 1
19.0 0
20.0 1
21.0 0
22.0 0
23.0 1
24.0 1
25.0 1
26.0 0
27.0 0
28.0 0
29.0 0
30.0 0
31.0 0
32.0 1
33.0 0
34.0 0
35.0 0
36.0 1
37.0 0
38.0 1
39.0 0
40.0 0
41.0 0
42.0 0
43.0 0
44.0 0
45.0 0
46.0 0
47.0 0
48.0 0
49.0 0
50.0 0
51.0 0
52.0 0
53.0 0
54.0 0
55.0 0
56.0 0
57.0 0
58.0 0
59.0 0
60.0 2
61.0 2062
62.0 1059
63.0 451
64.0 352
65.0 330
66.0 142
67.0 102
68.0 89
69.0 59
70.0 64
71.0 48
72.0 41
73.0 42
74.0 38
75.0 31
76.0 30
77.0 14
78.0 17
79.0 30
80.0 18
81.0 12
82.0 17
83.0 14
84.0 12
85.0 8
86.0 8
87.0 7
88.0 7
89.0 8
90.0 7
91.0 9
92.0 4
93.0 5
94.0 9
95.0 4
96.0 4
97.0 2
98.0 4
99.0 7
100.0 0
101.0 0
102.0 0
103.0 3
104.0 1
105.0 3
106.0 3
107.0 1
108.0 2
109.0 2
110.0 3
111.0 4
112.0 1
113.0 0
114.0 1
115.0 1
116.0 1
117.0 0
118.0 1
119.0 2
120.0 1
121.0 0
122.0 0
123.0 0
124.0 1
125.0 0
126.0 1
127.0 4
128.0 0
129.0 2
130.0 0
131.0 1
132.0 1
133.0 0
134.0 0
135.0 0
136.0 1
137.0 1
138.0 0
139.0 0
140.0 1
141.0 0
142.0 0
143.0 0
144.0 0
145.0 0
146.0 1
147.0 0
148.0 0
149.0 0
150.0 0
151.0 0
152.0 0
153.0 0
154.0 0
155.0 1
156.0 0
157.0 1
158.0 0
159.0 0
160.0 0
161.0 0
162.0 0
163.0 0
164.0 0
165.0 0
166.0 0
167.0 1
168.0 0
169.0 0
170.0 0
171.0 0
172.0 1
173.0 0
174.0 0
175.0 0
176.0 0
177.0 0
178.0 0
179.0 0
180.0 0
181.0 0
182.0 0
183.0 0
184.0 0
185.0 0
186.0 0
187.0 0
188.0 0
189.0 0
190.0 0
191.0 0
192.0 0
193.0 0
194.0 0
195.0 0
196.0 0
197.0 0
198.0 0
199.0 1
200.0 0
201.0 0
202.0 0
203.0 0
204.0 0
205.0 0
206.0 0
207.0 0
208.0 0
209.0 0
210.0 0
211.0 0
212.0 0
213.0 0
214.0 0
215.0 0
216.0 0
217.0 0
218.0 0
219.0 0
220.0 0
221.0 0
222.0 0
223.0 0
224.0 0
225.0 0
226.0 0
227.0 0
228.0 0
229.0 0
230.0 0
231.0 0
232.0 0
233.0 0
234.0 0
235.0 0
236.0 0
237.0 0
238.0 0
239.0 0
240.0 0
241.0 0
242.0 1
243.0 0
