# Scenario Logistics_80
# distance at msg send, delivery time, hop count, MSG_ID
911.0168 88.7000 3 Ma24
1132.7697 99.2000 3 Ma15
1329.2568 102.4000 5 Ma47
1410.9470 110.7000 6 Ma76
1668.0912 114.0000 6 Ma38
1500.3453 114.4000 4 Ma48
1734.8395 117.3000 4 Ma61
1752.4670 117.8000 4 Ma9
1730.1341 122.2000 3 Ma55
1911.7936 122.9000 3 Ma43
1992.3069 125.6000 4 Ma6
2080.7041 127.6000 4 Ma37
2288.9952 137.6000 4 Ma22
2243.2805 137.7000 2 Ma73
2177.6510 139.1000 5 Ma79
2130.7297 139.8000 6 Ma14
2323.2689 142.8000 3 Ma56
2394.6027 143.7000 7 Ma44
2640.4040 156.0000 4 Ma32
2839.7200 157.4000 8 Ma78
3287.2195 173.7000 5 Ma45
3005.9961 173.9000 3 Ma2
3428.1387 175.9000 8 Ma10
3160.8965 178.2000 2 Ma72
3137.7240 179.0000 4 Ma70
3593.9809 186.6000 4 Ma74
3657.3413 186.8000 3 Ma1
3751.0382 199.4000 7 Ma46
3902.1321 200.9000 5 Ma12
4108.1848 202.6000 2 Ma67
3716.8356 205.1000 5 Ma50
3879.7159 205.3000 5 Ma27
4177.7818 206.4000 4 Ma31
4190.5869 211.5000 5 Ma54
4556.2528 215.5000 6 Ma5
4093.9072 216.6000 5 Ma52
4062.3519 217.4000 4 Ma16
4505.7656 218.8000 4 Ma68
4914.0552 223.9000 6 Ma30
4423.1321 226.5000 5 Ma66
4763.4366 232.3000 3 Ma77
4630.6153 236.1000 5 Ma35
5053.1460 238.0000 3 Ma13
5040.0585 238.9000 3 Ma19
4946.4707 248.2000 2 Ma39
4950.2315 249.4000 5 Ma11
5677.6026 315.1000 4 Ma51
5349.7932 320.2000 4 Ma69
6039.5461 323.1000 4 Ma59
5352.5622 326.8000 6 Ma64
5787.1142 337.7000 3 Ma63
5165.2692 340.7000 3 Ma75
6226.9961 342.9000 6 Ma62
6319.0872 347.3000 3 Ma33
6597.2740 356.2000 4 Ma42
6659.5469 372.1000 4 Ma65
5693.8979 377.7000 5 Ma20
6900.7487 381.4000 4 Ma40
5935.4564 382.3000 4 Ma4
6596.3601 386.6000 3 Ma21
7089.6123 391.2000 5 Ma7
7598.9828 394.2000 2 Ma17
6998.2423 400.7000 3 Ma41
6577.5242 401.0000 3 Ma49
6770.4401 408.0000 3 Ma60
7251.1940 411.6000 3 Ma34
5658.1882 416.9000 4 Ma57
5853.0015 424.2000 2 Ma8
7923.1853 448.4000 5 Ma58
6115.8601 460.2000 4 Ma28
7362.0959 461.4000 5 Ma3
6012.2533 461.5000 6 Ma71
6197.7726 469.7000 3 Ma29
8230.5797 470.8000 4 Ma25
7609.2845 482.7000 3 Ma53
7833.9076 489.3000 7 Ma36
7088.9378 489.8000 4 Ma80
8015.1140 509.0000 4 Ma18
8125.4576 511.3000 5 Ma23
7770.4780 551.5000 8 Ma26
